{
	"class_name" : "PinholeCameraTrajectory",
    "parameters" :
    [
      {
        "class_name" : "PinholeCameraParameters",
        "extrinsic" : 
        [
          1.0,
          -0.0,
          -0.0,
          0.0,
          0.0,
          -1.0,
          -0.0,
          0.0,
          0.0,
          -0.0,
          -1.0,
          0.0,
          -0.01476744899459248,
          -0.0095480269323012651,
          0.45027389624553255,
          1.0
        ],
        "intrinsic" : 
        {
          "height" : 1056,
          "intrinsic_matrix" : 
          [
            914.52282639636724,
            0.0,
            0.0,
            0.0,
            914.52282639636724,
            0.0,
            927.0,
            527.5,
            1.0
          ],
          "width" : 1855
        },
        "version_major" : 1,
        "version_minor" : 0
      },
      {
        "class_name" : "PinholeCameraParameters",
        "extrinsic" : 
        [
          0.91912412190991355,
          -0.006158810411228198,
          0.39391993803011416,
          0.0,
          0.017764364159297025,
          -0.99821292854580301,
          -0.057055908107992527,
          0.0,
          0.39356737147449894,
          0.059439198668306013,
          -0.91737217407785132,
          0.0,
          -0.014001255282277525,
          -0.0095302904428626791,
          0.44378643691237191,
          1.0
        ],
        "intrinsic" : 
        {
          "height" : 1056,
          "intrinsic_matrix" : 
          [
            914.52282639636724,
            0.0,
            0.0,
            0.0,
            914.52282639636724,
            0.0,
            927.0,
            527.5,
            1.0
          ],
          "width" : 1855
        },
        "version_major" : 1,
        "version_minor" : 0
      },
      {
        "class_name" : "PinholeCameraParameters",
        "extrinsic" : 
        [
          0.71517629875386723,
          -0.0061588104112282882,
          0.69891696985767771,
          0.0,
          0.037147709835049773,
          -0.99821292854580301,
          -0.046808086246104351,
          0.0,
          0.6979562374208933,
          0.059439198668305951,
          -0.71366944190356041,
          0.0,
          -0.011266700234237065,
          -0.0095302904428626791,
          0.43907087095188713,
          1.0
        ],
        "intrinsic" : 
        {
          "height" : 1056,
          "intrinsic_matrix" : 
          [
            914.52282639636724,
            0.0,
            0.0,
            0.0,
            914.52282639636724,
            0.0,
            927.0,
            527.5,
            1.0
          ],
          "width" : 1855
        },
        "version_major" : 1,
        "version_minor" : 0
      },
      {
        "class_name" : "PinholeCameraParameters",
        "extrinsic" : 
        [
          0.4720111483991376,
          -0.044202294893907298,
          0.88048374937476248,
          0.0,
          0.062614576294013194,
          -0.994539117852558,
          -0.083494657892450336,
          0.0,
          0.87936618687691681,
          0.094541526257873459,
          -0.46666584317944609,
          0.0,
          -0.0077081389347514184,
          -0.0089867211045509231,
          0.43566415860582819,
          1.0
        ],
        "intrinsic" : 
        {
          "height" : 1056,
          "intrinsic_matrix" : 
          [
            914.52282639636724,
            0.0,
            0.0,
            0.0,
            914.52282639636724,
            0.0,
            927.0,
            527.5,
            1.0
          ],
          "width" : 1855
        },
        "version_major" : 1,
        "version_minor" : 0
      },
      {
        "class_name" : "PinholeCameraParameters",
        "extrinsic" : 
        [
          0.18778593863890483,
          -0.044202294893907271,
          0.98121485841563649,
          0.0,
          0.084675752411762728,
          -0.99453911785255789,
          -0.061007868464305733,
          0.0,
          0.97855324750521755,
          0.094541526257873751,
          -0.18301759918058272,
          0.0,
          -0.0034508625519844155,
          -0.0089867211045509161,
          0.43396051574709138,
          1.0
        ],
        "intrinsic" : 
        {
          "height" : 1056,
          "intrinsic_matrix" : 
          [
            914.52282639636724,
            0.0,
            0.0,
            0.0,
            914.52282639636724,
            0.0,
            927.0,
            527.5,
            1.0
          ],
          "width" : 1855
        },
        "version_major" : 1,
        "version_minor" : 0
      },
      {
        "class_name" : "PinholeCameraParameters",
        "extrinsic" : 
        [
          -0.24886627860058094,
          -0.050403743674289223,
          0.96722543287442286,
          0.0,
          0.10536608296238295,
          -0.99412682525197993,
          -0.024695017221769575,
          0.0,
          0.96278947020450034,
          0.095766998167614123,
          0.25271548849507014,
          0.0,
          0.0032188707006755718,
          -0.0088930661956000169,
          0.4338520272192935,
          1.0
        ],
        "intrinsic" : 
        {
          "height" : 1056,
          "intrinsic_matrix" : 
          [
            914.52282639636724,
            0.0,
            0.0,
            0.0,
            914.52282639636724,
            0.0,
            927.0,
            527.5,
            1.0
          ],
          "width" : 1855
        },
        "version_major" : 1,
        "version_minor" : 0
      },
      {
        "class_name" : "PinholeCameraParameters",
        "extrinsic" : 
        [
          -0.96899950762286535,
          -0.0053628536829389423,
          0.24700444131031335,
          0.0,
          0.060253349234791594,
          -0.97470684875101787,
          0.21521173969802559,
          0.0,
          0.23960277154623,
          0.22342291466686193,
          0.94481358641222413,
          0.0,
          0.014521041988372216,
          -0.0095666669764407769,
          0.44572732945921523,
          1.0
        ],
        "intrinsic" : 
        {
          "height" : 1056,
          "intrinsic_matrix" : 
          [
            914.52282639636724,
            0.0,
            0.0,
            0.0,
            914.52282639636724,
            0.0,
            927.0,
            527.5,
            1.0
          ],
          "width" : 1855
        },
        "version_major" : 1,
        "version_minor" : 0
      },
      {
        "class_name" : "PinholeCameraParameters",
        "extrinsic" : 
        [
          -0.95807093381296471,
          -0.0083264497210642496,
          -0.2864101185674075,
          0.0,
          -0.052946875775317412,
          -0.97721914959589207,
          0.20552216914171281,
          0.0,
          -0.2815967225100231,
          0.21206933747744933,
          0.93580440369421691,
          0.0,
          0.014070415410217321,
          -0.009529645891701452,
          0.45352566865863608,
          1.0
        ],
        "intrinsic" : 
        {
          "height" : 1056,
          "intrinsic_matrix" : 
          [
            914.52282639636724,
            0.0,
            0.0,
            0.0,
            914.52282639636724,
            0.0,
            927.0,
            527.5,
            1.0
          ],
          "width" : 1855
        },
        "version_major" : 1,
        "version_minor" : 0
      },
      {
        "class_name" : "PinholeCameraParameters",
        "extrinsic" : 
        [
          -0.71334066814162433,
          0.028207360003278545,
          -0.70024955267169331,
          0.0,
          -0.13372286570525391,
          -0.98630999827216814,
          0.096492396052384952,
          0.0,
          -0.68794133933267576,
          0.16247132716267548,
          0.70734700217585089,
          0.0,
          0.010302279805910003,
          -0.01008062712260626,
          0.45894298397946642,
          1.0
        ],
        "intrinsic" : 
        {
          "height" : 1056,
          "intrinsic_matrix" : 
          [
            914.52282639636724,
            0.0,
            0.0,
            0.0,
            914.52282639636724,
            0.0,
            927.0,
            527.5,
            1.0
          ],
          "width" : 1855
        },
        "version_major" : 1,
        "version_minor" : 0
      },
      {
        "class_name" : "PinholeCameraParameters",
        "extrinsic" : 
        [
          -0.13598804852368912,
          0.082300755296962819,
          -0.98728609649699228,
          0.0,
          -0.13064340032757926,
          -0.98933062598413557,
          -0.064476464238407027,
          0.0,
          -0.98205883357850143,
          0.1202143841950212,
          0.14528919169382559,
          0.0,
          0.0022523638061459905,
          -0.010844109639913876,
          0.46249850159711858,
          1.0
        ],
        "intrinsic" : 
        {
          "height" : 1056,
          "intrinsic_matrix" : 
          [
            914.52282639636724,
            0.0,
            0.0,
            0.0,
            914.52282639636724,
            0.0,
            927.0,
            527.5,
            1.0
          ],
          "width" : 1855
        },
        "version_major" : 1,
        "version_minor" : 0
      },
      {
        "class_name" : "PinholeCameraParameters",
        "extrinsic" : 
        [
          0.37982903238146415,
          0.090959398298165892,
          -0.92057389384089994,
          0.0,
          -0.079172518826450378,
          -0.98830603527200467,
          -0.13031842888711664,
          0.0,
          -0.92166242107554552,
          0.12238287668692351,
          -0.36818584039992258,
          0.0,
          -0.004965223518690276,
          -0.010965486402068469,
          0.46166453913434158,
          1.0
        ],
        "intrinsic" : 
        {
          "height" : 1056,
          "intrinsic_matrix" : 
          [
            914.52282639636724,
            0.0,
            0.0,
            0.0,
            914.52282639636724,
            0.0,
            927.0,
            527.5,
            1.0
          ],
          "width" : 1855
        },
        "version_major" : 1,
        "version_minor" : 0
      },
      {
        "class_name" : "PinholeCameraParameters",
        "extrinsic" : 
        [
          0.69276406722290529,
          0.090959398298166128,
          -0.71540501467770945,
          0.0,
          -0.025487672601513488,
          -0.98830603527200467,
          -0.15033814948405214,
          0.0,
          -0.72071376128816633,
          0.12238287668692349,
          -0.68234456529212373,
          0.0,
          -0.0093790927618140063,
          -0.010965486402068483,
          0.45892071457056338,
          1.0
        ],
        "intrinsic" : 
        {
          "height" : 1056,
          "intrinsic_matrix" : 
          [
            914.52282639636724,
            0.0,
            0.0,
            0.0,
            914.52282639636724,
            0.0,
            927.0,
            527.5,
            1.0
          ],
          "width" : 1855
        },
        "version_major" : 1,
        "version_minor" : 0
      },
      {
        "class_name" : "PinholeCameraParameters",
        "extrinsic" : 
        [
          0.98010332504310727,
          0.069358133343519979,
          -0.18597559404004574,
          0.0,
          0.054720986818262596,
          -0.99506933871948022,
          -0.082720159223807335,
          0.0,
          -0.19079592721303285,
          0.070897535073364937,
          -0.97906611302783841,
          0.0,
          -0.013661366972092165,
          -0.010632870933812252,
          0.45219867258550112,
          1.0
        ],
        "intrinsic" : 
        {
          "height" : 1056,
          "intrinsic_matrix" : 
          [
            914.52282639636724,
            0.0,
            0.0,
            0.0,
            914.52282639636724,
            0.0,
            927.0,
            527.5,
            1.0
          ],
          "width" : 1855
        },
        "version_major" : 1,
        "version_minor" : 0
      },
      {
        "class_name" : "PinholeCameraParameters",
        "extrinsic" : 
        [
          -0.97760331909833686,
          0.017521410665988515,
          0.20972541728695943,
          0.0,
          -0.025001011618316117,
          -0.99914043433911137,
          -0.033065720719695602,
          0.0,
          0.20896578644834729,
          -0.037568505918200532,
          0.97720105784689881,
          0.0,
          6.6920392076924573e-05,
          -0.0054323865888368551,
          0.45112776781483499,
          1.0
        ],
        "intrinsic" : 
        {
          "height" : 1056,
          "intrinsic_matrix" : 
          [
            914.52282639636724,
            0.0,
            0.0,
            0.0,
            914.52282639636724,
            0.0,
            927.0,
            527.5,
            1.0
          ],
          "width" : 1855
        },
        "version_major" : 1,
        "version_minor" : 0
      },
      {
        "class_name" : "PinholeCameraParameters",
        "extrinsic" : 
        [
          -0.96090202732987673,
          -0.0025352324704583235,
          -0.27687698797417903,
          0.0,
          -0.046213812874248063,
          -0.98446337346110835,
          0.16939937961279078,
          0.0,
          -0.27300472042248086,
          0.17557174860977817,
          0.94585568863180602,
          0.0,
          -0.00035749068389287486,
          -0.0052151511741443807,
          0.45223749325578777,
          1.0
        ],
        "intrinsic" : 
        {
          "height" : 1056,
          "intrinsic_matrix" : 
          [
            914.52282639636724,
            0.0,
            0.0,
            0.0,
            914.52282639636724,
            0.0,
            927.0,
            527.5,
            1.0
          ],
          "width" : 1855
        },
        "version_major" : 1,
        "version_minor" : 0
      },
      {
        "class_name" : "PinholeCameraParameters",
        "extrinsic" : 
        [
          -0.95368645186136036,
          0.01518959805701578,
          0.3004187538203224,
          0.0,
          0.14139827815351499,
          -0.85886528057933542,
          0.49229763025084811,
          0.0,
          0.2654970404191172,
          0.5119762747689055,
          0.81694039905151217,
          0.0,
          0.0010019370067382294,
          -0.0043213994591975169,
          0.45386199817667333,
          1.0
        ],
        "intrinsic" : 
        {
          "height" : 1056,
          "intrinsic_matrix" : 
          [
            914.52282639636724,
            0.0,
            0.0,
            0.0,
            914.52282639636724,
            0.0,
            927.0,
            527.5,
            1.0
          ],
          "width" : 1855
        },
        "version_major" : 1,
        "version_minor" : 0
      },
      {
        "class_name" : "PinholeCameraParameters",
        "extrinsic" : 
        [
          -0.9289581752744327,
          -0.016684208860211321,
          -0.36980852581505674,
          0.0,
          -0.20476238069424615,
          -0.8090858465429841,
          0.55086519256188937,
          0.0,
          -0.30839759409441125,
          0.58745359825141219,
          0.74819061331872327,
          0.0,
          -0.0012404068353967929,
          -0.0040014691054470475,
          0.45418191072447089,
          1.0
        ],
        "intrinsic" : 
        {
          "height" : 1056,
          "intrinsic_matrix" : 
          [
            914.52282639636724,
            0.0,
            0.0,
            0.0,
            914.52282639636724,
            0.0,
            927.0,
            527.5,
            1.0
          ],
          "width" : 1855
        },
        "version_major" : 1,
        "version_minor" : 0
      },
      {
        "class_name" : "PinholeCameraParameters",
        "extrinsic" : 
        [
          0.98974520787474474,
          -0.068251232670864234,
          0.1254838345281413,
          0.0,
          0.020555128531020119,
          -0.80127431126428317,
          -0.59794394787389737,
          0.0,
          0.14135738459681416,
          0.5943914933331873,
          -0.79165449690701073,
          0.0,
          -0.014634444979380094,
          -0.007545455713038357,
          0.4423951994180032,
          1.0
        ],
        "intrinsic" : 
        {
          "height" : 1056,
          "intrinsic_matrix" : 
          [
            914.52282639636724,
            0.0,
            0.0,
            0.0,
            914.52282639636724,
            0.0,
            927.0,
            527.5,
            1.0
          ],
          "width" : 1855
        },
        "version_major" : 1,
        "version_minor" : 0
      },
      {
        "class_name" : "PinholeCameraParameters",
        "extrinsic" : 
        [
          0.99881670501051012,
          0.021922815296544773,
          0.043411749117275467,
          0.0,
          0.047470943554286937,
          -0.63346921104377052,
          -0.77231034447147517,
          0.0,
          0.010568789429891576,
          0.7734572702024699,
          -0.63376032682783967,
          0.0,
          -0.014312772808132316,
          -0.0075468543967738833,
          0.44170252955708755,
          1.0
        ],
        "intrinsic" : 
        {
          "height" : 1056,
          "intrinsic_matrix" : 
          [
            914.52282639636724,
            0.0,
            0.0,
            0.0,
            914.52282639636724,
            0.0,
            927.0,
            527.5,
            1.0
          ],
          "width" : 1855
        },
        "version_major" : 1,
        "version_minor" : 0
      },
      {
        "class_name" : "PinholeCameraParameters",
        "extrinsic" : 
        [
          0.93160293773426339,
          0.077946888148479332,
          0.35502147686141278,
          0.0,
          -0.045228227587667834,
          -0.94428543983228996,
          0.3260052385315565,
          0.0,
          0.3606527052916258,
          -0.3197644300867552,
          -0.87617369021052238,
          0.0,
          0.00016447065090754998,
          -0.0013017712206294108,
          0.53249575590321641,
          1.0
        ],
        "intrinsic" : 
        {
          "height" : 1056,
          "intrinsic_matrix" : 
          [
            914.52282639636724,
            0.0,
            0.0,
            0.0,
            914.52282639636724,
            0.0,
            927.0,
            527.5,
            1.0
          ],
          "width" : 1855
        },
        "version_major" : 1,
        "version_minor" : 0
      },
      {
        "class_name" : "PinholeCameraParameters",
        "extrinsic" : 
        [
          0.93160293773426339,
          0.077946888148479332,
          0.35502147686141278,
          0.0,
          -0.045228227587667834,
          -0.94428543983228996,
          0.3260052385315565,
          0.0,
          0.3606527052916258,
          -0.3197644300867552,
          -0.87617369021052238,
          0.0,
          0.00016447065090754998,
          -0.0013017712206294108,
          0.53249575590321641,
          1.0
        ],
        "intrinsic" : 
        {
          "height" : 1056,
          "intrinsic_matrix" : 
          [
            914.52282639636724,
            0.0,
            0.0,
            0.0,
            914.52282639636724,
            0.0,
            927.0,
            527.5,
            1.0
          ],
          "width" : 1855
        },
        "version_major" : 1,
        "version_minor" : 0
      },
      {
        "class_name" : "PinholeCameraParameters",
        "extrinsic" : 
        [
          0.93304053552215849,
          0.31298643656000186,
          -0.17741152612498376,
          0.0,
          0.35604453900410526,
          -0.73250594057811336,
          0.58023041394184749,
          0.0,
          0.051649252829813919,
          -0.60454490118372972,
          -0.79489484658970866,
          0.0,
          0.004302200304556681,
          0.0026274246394169531,
          0.53114370804772137,
          1.0
        ],
        "intrinsic" : 
        {
          "height" : 1056,
          "intrinsic_matrix" : 
          [
            914.52282639636724,
            0.0,
            0.0,
            0.0,
            914.52282639636724,
            0.0,
            927.0,
            527.5,
            1.0
          ],
          "width" : 1855
        },
        "version_major" : 1,
        "version_minor" : 0
      },
      {
        "class_name" : "PinholeCameraParameters",
        "extrinsic" : 
        [
          0.93661650533009211,
          0.18862634613232476,
          0.29524502279973164,
          0.0,
          0.11189736285711749,
          -0.95961528876308888,
          0.25810361825777683,
          0.0,
          0.33200678024532604,
          -0.20870696949767159,
          -0.91989830892019242,
          0.0,
          0.0010801400455872912,
          -0.0018565816878322733,
          0.53234126862896836,
          1.0
        ],
        "intrinsic" : 
        {
          "height" : 1056,
          "intrinsic_matrix" : 
          [
            914.52282639636724,
            0.0,
            0.0,
            0.0,
            914.52282639636724,
            0.0,
            927.0,
            527.5,
            1.0
          ],
          "width" : 1855
        },
        "version_major" : 1,
        "version_minor" : 0
      }
    ],
	"version_major" : 1,
	"version_minor" : 0
}